sdb               0.02     0.27   12.97    0.70   383.76    79.26    67.77     0.08    6.09    2.85   66.33   1.57   2.15
sdb               0.00     7.00    0.00  156.00     0.00 16308.00   209.08     0.19    1.23    0.00    1.23   0.10   1.60
sdb               0.00     0.00    0.00  143.00     0.00 15872.00   221.99     0.06    0.48    0.00    0.48   0.03   0.40
sdb               0.00     0.00    0.00  129.00     0.00 13008.00   201.67     0.13    0.99    0.00    0.99   0.19   2.40
sdb               0.00     0.00    0.00  114.00     0.00 12576.00   220.63     0.10    0.84    0.00    0.84   0.28   3.20
sdb               0.00     0.00    0.00  155.00     0.00 16168.00   208.62     0.16    1.01    0.00    1.01   0.15   2.40
sdb               0.00     7.00    0.00  114.00     0.00 12036.00   211.16     0.04    0.39    0.00    0.39   0.04   0.40
sdb               0.00     0.00    0.00  168.00     0.00 17520.00   208.57     0.19    1.17    0.00    1.17   0.17   2.80
sdb               0.00     0.00    0.00  139.00     0.00 15432.00   222.04     0.24    1.78    0.00    1.78   0.14   2.00
sdb               0.00     0.00    0.00  157.00     0.00 16408.00   209.02     0.04    0.28    0.00    0.28   0.03   0.40
